times,A,B,C,D,E,F,G,H,I,J,K,L,M,N,O,P,Q,R,S,T,U,V,W,X,Y,Z,p1,p2,p3,p4,p5
0.000000E+00,4.660549E-01,9.464854E+00,1.876269E-02,4.323046E-01,5.724764E-02,1.241957E-01,1.381988E-01,9.854822E-03,0.000000E+00,0.000000E+00,0.000000E+00,0.000000E+00,0.000000E+00,0.000000E+00,0.000000E+00,0.000000E+00,0.000000E+00,0.000000E+00,0.000000E+00,0.000000E+00,0.000000E+00,0.000000E+00,0.000000E+00,0.000000E+00,0.000000E+00,0.000000E+00, 0.0220934754, 0.0133164265, 0.0093766451, 0.0102592709, 0.0337784736
2.000000E+01,4.626987E-01,9.460889E+00,1.867831E-02,4.289006E-01,5.833262E-02,1.231212E-01,1.381295E-01,9.988303E-03,2.176203E-06,1.720010E-04,2.080800E-04,3.255386E-05,4.274564E-05,1.957529E-04,3.122766E-04,2.585335E-07,4.784718E-05,9.064567E-06,3.380940E-05,2.927206E-05,2.785544E-08,1.646268E-05,4.782761E-06,8.469040E-05,1.012890E-04,1.756481E-04, 0.0220934754, 0.0133164265, 0.0093766451, 0.0102592709, 0.0337784736
4.000000E+01,4.593495E-01,9.456833E+00,1.860554E-02,4.261219E-01,5.940595E-02,1.220692E-01,1.380587E-01,1.011540E-02,1.505406E-05,3.886362E-04,4.162995E-04,1.164652E-04,8.681192E-05,5.136083E-04,6.243350E-04,1.604761E-06,8.854267E-05,3.661794E-05,6.888952E-05,5.978109E-05,1.020583E-07,3.617150E-05,1.928895E-05,2.774951E-04,2.024037E-04,2.350997E-04, 0.0220934754, 0.0133164265, 0.0093766451, 0.0102592709, 0.0337784736
6.000000E+01,4.560061E-01,9.452789E+00,1.854285E-02,4.233539E-01,6.045290E-02,1.210503E-01,1.379790E-01,1.023601E-02,4.417113E-05,6.048631E-04,6.241952E-04,2.357300E-04,1.303578E-04,8.389633E-04,9.359535E-04,4.362075E-06,1.161501E-04,7.760287E-05,1.020311E-04,9.137351E-05,2.102046E-07,5.649604E-05,4.325002E-05,5.086335E-04,3.033510E-04,2.551694E-04, 0.0220934754, 0.0133164265, 0.0093766451, 0.0102592709, 0.0337784736
8.000000E+01,4.526632E-01,9.448694E+00,1.848936E-02,4.206180E-01,6.150045E-02,1.200404E-01,1.378924E-01,1.035141E-02,9.147756E-05,8.203865E-04,8.317968E-04,3.791432E-04,1.733660E-04,1.163563E-03,1.247146E-03,8.570368E-06,1.349036E-04,1.277958E-04,1.333834E-04,1.238187E-04,3.426657E-07,7.752139E-05,7.688270E-05,7.530434E-04,4.041724E-04,2.619437E-04, 0.0220934754, 0.0133164265, 0.0093766451, 0.0102592709, 0.0337784736
1.000000E+02,4.493260E-01,9.444579E+00,1.844475E-02,4.179028E-01,6.251555E-02,1.190681E-01,1.378032E-01,1.046116E-02,1.568588E-04,1.035205E-03,1.039138E-03,5.389269E-04,2.158861E-04,1.486655E-03,1.557972E-03,1.419320E-05,1.479386E-04,1.840644E-04,1.630804E-04,1.570709E-04,4.916213E-07,9.920738E-05,1.195209E-04,1.001729E-03,5.048489E-04,2.642372E-04, 0.0220934754, 0.0133164265, 0.0093766451, 0.0102592709, 0.0337784736
1.200000E+02,4.459975E-01,9.440444E+00,1.840843E-02,4.151991E-01,6.351407E-02,1.181172E-01,1.377092E-01,1.056517E-02,2.390820E-04,1.249368E-03,1.246206E-03,7.096157E-04,2.579333E-04,1.808316E-03,1.868412E-03,2.117230E-05,1.567231E-04,2.449325E-04,1.911408E-04,1.910296E-04,6.503701E-07,1.216211E-04,1.712798E-04,1.251466E-03,6.053160E-04,2.649928E-04, 0.0220934754, 0.0133164265, 0.0093766451, 0.0102592709, 0.0337784736
1.400000E+02,4.426725E-01,9.436305E+00,1.838006E-02,4.125117E-01,6.451370E-02,1.171718E-01,1.376249E-01,1.066297E-02,3.363901E-04,1.462758E-03,1.452923E-03,8.874442E-04,2.994382E-04,2.128566E-03,2.178435E-03,2.944969E-05,1.623223E-04,3.093218E-04,2.176103E-04,2.256226E-04,8.131221E-07,1.447568E-04,2.321401E-04,1.501053E-03,7.056290E-04,2.652304E-04, 0.0220934754, 0.0133164265, 0.0093766451, 0.0102592709, 0.0337784736
1.600000E+02,4.393498E-01,9.432135E+00,1.835910E-02,4.098477E-01,6.549424E-02,1.162529E-01,1.375246E-01,1.075679E-02,4.468506E-04,1.675357E-03,1.659318E-03,1.069780E-03,3.405007E-04,2.447347E-03,2.487997E-03,3.895886E-05,1.662950E-04,3.756416E-04,2.427034E-04,2.605962E-04,9.776622E-07,1.686469E-04,3.016191E-04,1.750098E-03,8.057718E-04,2.652665E-04, 0.0220934754, 0.0133164265, 0.0093766451, 0.0102592709, 0.0337784736
1.800000E+02,4.360279E-01,9.427961E+00,1.834441E-02,4.071864E-01,6.646110E-02,1.153578E-01,1.374156E-01,1.084638E-02,5.685556E-04,1.887327E-03,1.865453E-03,1.254870E-03,3.810680E-04,2.764692E-03,2.797204E-03,4.963302E-05,1.688790E-04,4.436476E-04,2.663968E-04,2.961790E-04,1.139950E-06,1.931148E-04,3.780774E-04,1.998467E-03,9.057930E-04,2.652913E-04, 0.0220934754, 0.0133164265, 0.0093766451, 0.0102592709, 0.0337784736
2.000000E+02,4.327142E-01,9.423735E+00,1.833648E-02,4.045538E-01,6.740441E-02,1.144868E-01,1.373051E-01,1.092992E-02,6.997278E-04,2.098621E-03,2.071277E-03,1.441259E-03,4.210831E-04,3.080502E-03,3.106054E-03,6.142504E-05,1.705712E-04,5.128732E-04,2.887938E-04,3.320214E-04,1.298328E-06,2.183417E-04,4.640413E-04,2.246079E-03,1.005627E-03,2.653090E-04, 0.0220934754, 0.0133164265, 0.0093766451, 0.0102592709, 0.0337784736
2.200000E+02,4.294126E-01,9.419505E+00,1.833490E-02,4.019275E-01,6.835465E-02,1.136191E-01,1.371899E-01,1.100919E-02,8.388108E-04,2.309283E-03,2.276824E-03,1.628334E-03,4.608551E-04,3.395204E-03,3.414491E-03,7.427646E-05,1.717169E-04,5.829034E-04,3.099733E-04,3.682440E-04,1.450833E-06,2.442137E-04,5.569199E-04,2.492904E-03,1.105240E-03,2.652723E-04, 0.0220934754, 0.0133164265, 0.0093766451, 0.0102592709, 0.0337784736
2.400000E+02,4.261146E-01,9.415260E+00,1.833878E-02,3.993051E-01,6.929856E-02,1.127652E-01,1.370774E-01,1.108446E-02,9.843841E-04,2.519247E-03,2.482035E-03,1.815305E-03,5.002191E-04,3.708393E-03,3.722559E-03,8.812942E-05,1.725113E-04,6.534927E-04,3.300211E-04,4.045256E-04,1.597332E-06,2.708804E-04,6.579401E-04,2.738936E-03,1.204705E-03,2.652667E-04, 0.0220934754, 0.0133164265, 0.0093766451, 0.0102592709, 0.0337784736
2.600000E+02,4.228172E-01,9.411006E+00,1.834832E-02,3.967002E-01,7.022392E-02,1.119338E-01,1.369605E-01,1.115353E-02,1.135318E-03,2.728430E-03,2.686944E-03,2.001616E-03,5.390763E-04,4.019827E-03,4.030161E-03,1.029455E-04,1.727031E-04,7.249279E-04,3.488303E-04,4.414467E-04,1.735407E-06,2.978910E-04,7.671357E-04,2.984148E-03,1.304037E-03,2.652239E-04, 0.0220934754, 0.0133164265, 0.0093766451, 0.0102592709, 0.0337784736
2.800000E+02,4.195317E-01,9.406713E+00,1.836279E-02,3.941176E-01,7.113725E-02,1.111173E-01,1.368488E-01,1.121788E-02,1.290591E-03,2.936915E-03,2.891442E-03,2.187128E-03,5.774334E-04,4.329833E-03,4.337320E-03,1.186584E-04,1.726793E-04,7.968260E-04,3.665882E-04,4.782210E-04,1.867332E-06,3.257239E-04,8.840637E-04,3.228516E-03,1.403110E-03,2.651489E-04, 0.0220934754, 0.0133164265, 0.0093766451, 0.0102592709, 0.0337784736
3.000000E+02,4.162500E-01,9.402432E+00,1.838181E-02,3.915368E-01,7.202710E-02,1.103272E-01,1.367397E-01,1.127911E-02,1.449337E-03,3.144938E-03,3.095736E-03,2.371717E-03,6.154917E-04,4.638788E-03,4.644147E-03,1.352470E-04,1.719951E-04,8.695829E-04,3.833722E-04,5.150905E-04,1.990081E-06,3.541934E-04,1.007825E-03,3.471995E-03,1.502028E-03,2.651436E-04, 0.0220934754, 0.0133164265, 0.0093766451, 0.0102592709, 0.0337784736
3.650000E+02,4.162531E-01,9.402436E+00,1.866828E-02,3.921638E-01,7.203257E-02,1.093860E-01,1.367414E-01,1.221685E-02,1.937383E-03,3.190901E-03,3.096035E-03,2.766017E-03,6.174244E-04,4.777784E-03,4.625151E-03,1.972226E-04,1.839834E-04,8.695851E-04,3.861352E-04,5.151139E-04,3.179006E-06,3.591373E-04,1.001356E-03,3.726841E-03,1.495693E-03,7.826432E-06, 0.0220934754, 0.0133164265, 0.0093766451, 0.0102592709, 0.0337784736
3.850000E+02,4.142801E-01,9.399863E+00,1.869459E-02,3.902019E-01,7.258167E-02,1.087986E-01,1.366721E-01,1.235317E-02,2.055511E-03,3.288457E-03,3.218927E-03,2.826380E-03,6.389737E-04,4.883148E-03,4.807657E-03,2.146810E-04,1.728714E-04,9.154739E-04,3.935842E-04,5.374486E-04,3.289491E-06,3.737186E-04,1.077198E-03,3.777080E-03,1.554489E-03,1.085049E-04, 0.0220934754, 0.0133164265, 0.0093766451, 0.0102592709, 0.0337784736
4.050000E+02,4.123032E-01,9.397266E+00,1.872330E-02,3.886371E-01,7.311711E-02,1.082283E-01,1.366048E-01,1.248446E-02,2.163306E-03,3.413154E-03,3.341930E-03,2.901407E-03,6.615549E-04,5.062533E-03,4.990030E-03,2.321822E-04,1.709337E-04,9.596070E-04,4.027756E-04,5.595490E-04,3.401173E-06,3.916256E-04,1.156156E-03,3.888680E-03,1.613250E-03,1.425960E-04, 0.0220934754, 0.0133164265, 0.0093766451, 0.0102592709, 0.0337784736
4.250000E+02,4.103298E-01,9.394665E+00,1.875395E-02,3.870780E-01,7.365489E-02,1.076610E-01,1.365361E-01,1.261239E-02,2.265300E-03,3.537690E-03,3.464820E-03,2.986752E-03,6.839442E-04,5.246775E-03,5.172179E-03,2.499563E-04,1.695739E-04,1.003363E-03,4.116674E-04,5.814871E-04,3.508113E-06,4.098884E-04,1.236915E-03,4.022173E-03,1.671920E-03,1.541242E-04, 0.0220934754, 0.0133164265, 0.0093766451, 0.0102592709, 0.0337784736
4.450000E+02,4.083611E-01,9.392064E+00,1.878623E-02,3.855212E-01,7.418733E-02,1.071058E-01,1.364653E-01,1.273692E-02,2.364209E-03,3.662047E-03,3.587561E-03,3.079103E-03,7.063167E-04,5.430908E-03,5.354108E-03,2.680558E-04,1.684206E-04,1.047033E-03,4.202616E-04,6.035582E-04,3.610661E-06,4.282525E-04,1.320316E-03,4.163316E-03,1.730492E-03,1.580156E-04, 0.0220934754, 0.0133164265, 0.0093766451, 0.0102592709, 0.0337784736
4.650000E+02,4.063916E-01,9.389427E+00,1.882018E-02,3.839828E-01,7.471280E-02,1.065557E-01,1.363960E-01,1.285808E-02,2.461809E-03,3.786136E-03,3.710249E-03,3.176119E-03,7.284111E-04,5.614317E-03,5.535833E-03,2.864854E-04,1.673778E-04,1.090677E-03,4.284549E-04,6.256538E-04,3.707934E-06,4.467990E-04,1.405688E-03,4.307005E-03,1.788990E-03,1.593508E-04, 0.0220934754, 0.0133164265, 0.0093766451, 0.0102592709, 0.0337784736
4.850000E+02,4.044292E-01,9.386822E+00,1.885590E-02,3.824303E-01,7.523241E-02,1.060175E-01,1.363190E-01,1.297591E-02,2.559100E-03,3.910001E-03,3.832781E-03,3.276397E-03,7.503897E-04,5.797384E-03,5.717296E-03,3.052322E-04,1.663711E-04,1.134343E-03,4.363818E-04,6.475251E-04,3.801929E-06,4.656936E-04,1.493284E-03,4.451438E-03,1.847352E-03,1.597660E-04, 0.0220934754, 0.0133164265, 0.0093766451, 0.0102592709, 0.0337784736
5.050000E+02,4.024675E-01,9.384189E+00,1.889308E-02,3.808865E-01,7.575286E-02,1.054833E-01,1.362418E-01,1.309078E-02,2.656662E-03,4.033684E-03,3.955201E-03,3.378699E-03,7.722823E-04,5.980058E-03,5.898509E-03,3.242836E-04,1.655653E-04,1.177849E-03,4.440229E-04,6.694100E-04,3.894174E-06,4.847672E-04,1.583674E-03,4.595899E-03,1.905618E-03,1.598930E-04, 0.0220934754, 0.0133164265, 0.0093766451, 0.0102592709, 0.0337784736
5.250000E+02,4.005081E-01,9.381533E+00,1.893207E-02,3.793553E-01,7.626549E-02,1.049577E-01,1.361608E-01,1.320275E-02,2.754686E-03,4.157081E-03,4.077464E-03,3.482313E-03,7.939765E-04,6.162129E-03,6.079477E-03,3.435974E-04,1.650440E-04,1.221064E-03,4.514438E-04,6.911700E-04,3.984650E-06,5.040186E-04,1.675486E-03,4.740179E-03,1.963798E-03,1.599287E-04, 0.0220934754, 0.0133164265, 0.0093766451, 0.0102592709, 0.0337784736
5.450000E+02,3.985476E-01,9.378880E+00,1.897253E-02,3.778325E-01,7.677417E-02,1.044392E-01,1.360810E-01,1.331140E-02,2.853356E-03,4.280122E-03,4.199612E-03,3.586595E-03,8.155214E-04,6.343627E-03,6.260237E-03,3.631912E-04,1.644341E-04,1.264391E-03,4.585091E-04,7.130748E-04,4.069910E-06,5.233545E-04,1.770659E-03,4.884132E-03,2.021911E-03,1.599463E-04, 0.0220934754, 0.0133164265, 0.0093766451, 0.0102592709, 0.0337784736
5.650000E+02,3.965922E-01,9.376244E+00,1.901453E-02,3.763075E-01,7.728102E-02,1.039233E-01,1.360026E-01,1.341634E-02,2.952660E-03,4.403026E-03,4.321670E-03,3.691203E-03,8.369691E-04,6.524496E-03,6.440759E-03,3.830731E-04,1.635717E-04,1.308015E-03,4.653037E-04,7.349232E-04,4.151871E-06,5.428802E-04,1.867163E-03,5.027814E-03,2.079914E-03,1.599420E-04, 0.0220934754, 0.0133164265, 0.0093766451, 0.0102592709, 0.0337784736
5.850000E+02,3.946418E-01,9.373595E+00,1.905815E-02,3.747781E-01,7.778776E-02,1.034153E-01,1.359262E-01,1.351877E-02,3.052630E-03,4.525668E-03,4.443574E-03,3.796060E-03,8.584161E-04,6.705029E-03,6.621024E-03,4.032119E-04,1.629958E-04,1.351366E-03,4.719151E-04,7.564453E-04,4.232244E-06,5.627303E-04,1.966130E-03,5.171169E-03,2.137793E-03,1.599148E-04, 0.0220934754, 0.0133164265, 0.0093766451, 0.0102592709, 0.0337784736
6.050000E+02,3.926899E-01,9.370911E+00,1.910309E-02,3.732681E-01,7.828086E-02,1.029214E-01,1.358498E-01,1.361726E-02,3.153072E-03,4.647920E-03,4.565412E-03,3.900607E-03,8.794529E-04,6.885053E-03,6.801082E-03,4.235798E-04,1.623995E-04,1.394723E-03,4.782107E-04,7.777543E-04,4.309776E-06,5.829837E-04,2.067709E-03,5.314230E-03,2.195616E-03,1.599226E-04, 0.0220934754, 0.0133164265, 0.0093766451, 0.0102592709, 0.0337784736
6.250000E+02,3.907431E-01,9.368243E+00,1.914978E-02,3.717559E-01,7.877627E-02,1.024291E-01,1.357685E-01,1.371342E-02,3.253994E-03,4.770057E-03,4.687166E-03,4.005085E-03,9.004228E-04,7.064576E-03,6.980929E-03,4.442011E-04,1.618593E-04,1.438083E-03,4.842593E-04,7.990272E-04,4.385462E-06,6.033745E-04,2.171213E-03,5.456980E-03,2.253339E-03,1.599216E-04, 0.0220934754, 0.0133164265, 0.0093766451, 0.0102592709, 0.0337784736
6.450000E+02,3.888032E-01,9.365571E+00,1.919808E-02,3.702390E-01,7.926367E-02,1.019516E-01,1.356891E-01,1.380684E-02,3.355246E-03,4.891945E-03,4.808776E-03,4.109253E-03,9.214673E-04,7.243529E-03,7.160535E-03,4.650064E-04,1.613109E-04,1.481422E-03,4.901677E-04,8.200637E-04,4.462187E-06,6.239740E-04,2.276336E-03,5.599428E-03,2.310912E-03,1.598920E-04, 0.0220934754, 0.0133164265, 0.0093766451, 0.0102592709, 0.0337784736
6.650000E+02,3.868609E-01,9.362883E+00,1.924745E-02,3.687295E-01,7.974281E-02,1.014820E-01,1.356094E-01,1.389704E-02,3.456776E-03,5.013755E-03,4.930219E-03,4.213176E-03,9.421141E-04,7.422219E-03,7.339902E-03,4.860072E-04,1.606164E-04,1.524945E-03,4.956885E-04,8.411923E-04,4.532177E-06,6.447031E-04,2.383025E-03,5.741464E-03,2.368441E-03,1.598871E-04, 0.0220934754, 0.0133164265, 0.0093766451, 0.0102592709, 0.0337784736
7.300000E+02,3.868630E-01,9.362895E+00,1.952812E-02,3.691204E-01,7.975716E-02,1.006164E-01,1.356108E-01,1.475859E-02,3.767855E-03,5.041540E-03,4.930399E-03,4.454525E-03,9.433257E-04,7.506226E-03,7.309820E-03,5.657834E-04,1.678966E-04,1.524944E-03,4.970087E-04,8.412127E-04,5.941654E-06,6.486475E-04,2.367185E-03,5.895248E-03,2.358438E-03,4.719560E-06, 0.0220934754, 0.0133164265, 0.0093766451, 0.0102592709, 0.0337784736
7.500000E+02,3.854969E-01,9.361005E+00,1.956559E-02,3.677791E-01,8.009978E-02,1.002124E-01,1.355533E-01,1.488943E-02,3.840936E-03,5.107606E-03,5.015755E-03,4.486323E-03,9.570215E-04,7.574733E-03,7.433269E-03,5.869188E-04,1.604798E-04,1.556351E-03,4.992030E-04,8.562010E-04,6.021962E-06,6.605179E-04,2.441544E-03,5.926761E-03,2.397999E-03,7.612007E-05, 0.0220934754, 0.0133164265, 0.0093766451, 0.0102592709, 0.0337784736
7.700000E+02,3.841306E-01,9.359108E+00,1.960490E-02,3.667262E-01,8.043164E-02,9.982079E-02,1.354937E-01,1.501717E-02,3.907801E-03,5.192906E-03,5.101198E-03,4.530075E-03,9.714653E-04,7.695695E-03,7.556646E-03,6.078578E-04,1.591136E-04,1.586955E-03,5.028031E-04,8.710710E-04,6.105322E-06,6.752178E-04,2.517842E-03,6.001877E-03,2.437541E-03,1.003086E-04, 0.0220934754, 0.0133164265, 0.0093766451, 0.0102592709, 0.0337784736
7.900000E+02,3.827651E-01,9.357210E+00,1.964511E-02,3.656701E-01,8.076848E-02,9.942667E-02,1.354323E-01,1.514271E-02,3.971680E-03,5.278237E-03,5.186565E-03,4.582234E-03,9.858815E-04,7.820432E-03,7.679839E-03,6.288032E-04,1.579511E-04,1.617484E-03,5.062771E-04,8.858433E-04,6.186068E-06,6.900484E-04,2.595384E-03,6.092632E-03,2.477005E-03,1.084731E-04, 0.0220934754, 0.0133164265, 0.0093766451, 0.0102592709, 0.0337784736
8.100000E+02,3.814018E-01,9.355301E+00,1.968615E-02,3.646171E-01,8.110551E-02,9.903458E-02,1.353696E-01,1.526578E-02,4.034498E-03,5.363456E-03,5.271908E-03,4.640376E-03,1.000210E-03,7.945175E-03,7.802873E-03,6.497700E-04,1.568696E-04,1.647998E-03,5.096185E-04,9.007135E-04,6.264841E-06,7.048356E-04,2.673711E-03,6.188843E-03,2.516392E-03,1.112216E-04, 0.0220934754, 0.0133164265, 0.0093766451, 0.0102592709, 0.0337784736
8.300000E+02,3.800386E-01,9.353395E+00,1.972822E-02,3.635651E-01,8.144040E-02,9.864614E-02,1.353137E-01,1.538648E-02,4.097239E-03,5.448570E-03,5.357166E-03,4.702594E-03,1.014453E-03,8.069421E-03,7.925758E-03,6.707622E-04,1.559507E-04,1.678396E-03,5.128990E-04,9.152790E-04,6.342556E-06,7.198620E-04,2.751363E-03,6.286911E-03,2.555737E-03,1.121610E-04, 0.0220934754, 0.0133164265, 0.0093766451, 0.0102592709, 0.0337784736
8.500000E+02,3.786755E-01,9.351474E+00,1.977124E-02,3.625271E-01,8.176671E-02,9.826767E-02,1.352530E-01,1.550445E-02,4.160622E-03,5.533538E-03,5.442324E-03,4.767443E-03,1.028645E-03,8.193474E-03,8.048476E-03,6.917436E-04,1.554189E-04,1.708395E-03,5.161124E-04,9.296586E-04,6.420740E-06,7.350626E-04,2.831000E-03,6.385569E-03,2.595030E-03,1.124716E-04, 0.0220934754, 0.0133164265, 0.0093766451, 0.0102592709, 0.0337784736
8.700000E+02,3.773150E-01,9.349553E+00,1.981523E-02,3.614835E-01,8.210000E-02,9.788407E-02,1.351932E-01,1.562047E-02,4.224881E-03,5.618357E-03,5.527440E-03,4.834306E-03,1.042908E-03,8.317104E-03,8.171048E-03,7.128288E-04,1.547437E-04,1.738581E-03,5.192044E-04,9.440873E-04,6.498239E-06,7.502693E-04,2.911288E-03,6.484326E-03,2.634260E-03,1.125729E-04, 0.0220934754, 0.0133164265, 0.0093766451, 0.0102592709, 0.0337784736
8.900000E+02,3.759569E-01,9.347644E+00,1.986011E-02,3.604399E-01,8.242233E-02,9.751356E-02,1.351309E-01,1.573425E-02,4.290044E-03,5.703097E-03,5.612517E-03,4.902407E-03,1.057023E-03,8.440839E-03,8.293466E-03,7.339288E-04,1.541530E-04,1.768692E-03,5.221707E-04,9.583049E-04,6.571903E-06,7.657078E-04,2.992452E-03,6.583016E-03,2.673439E-03,1.126069E-04, 0.0220934754, 0.0133164265, 0.0093766451, 0.0102592709, 0.0337784736
9.100000E+02,3.746009E-01,9.345711E+00,1.990583E-02,3.593979E-01,8.275355E-02,9.713981E-02,1.350697E-01,1.584574E-02,4.356200E-03,5.787695E-03,5.697517E-03,4.971254E-03,1.071163E-03,8.564216E-03,8.415710E-03,7.550320E-04,1.535578E-04,1.798786E-03,5.251116E-04,9.725462E-04,6.647028E-06,7.810707E-04,3.074527E-03,6.681588E-03,2.712537E-03,1.126053E-04, 0.0220934754, 0.0133164265, 0.0093766451, 0.0102592709, 0.0337784736
9.300000E+02,3.732453E-01,9.343786E+00,1.995253E-02,3.583556E-01,8.307843E-02,9.677446E-02,1.350068E-01,1.595454E-02,4.423249E-03,5.872108E-03,5.782418E-03,5.040496E-03,1.085133E-03,8.687257E-03,8.537780E-03,7.761769E-04,1.529686E-04,1.828876E-03,5.279313E-04,9.868178E-04,6.721620E-06,7.964396E-04,3.156944E-03,6.779949E-03,2.751570E-03,1.125920E-04, 0.0220934754, 0.0133164265, 0.0093766451, 0.0102592709, 0.0337784736
9.500000E+02,3.718923E-01,9.341849E+00,2.000024E-02,3.573190E-01,8.340148E-02,9.641248E-02,1.349459E-01,1.606080E-02,4.491091E-03,5.956318E-03,5.867275E-03,5.110002E-03,1.098904E-03,8.809935E-03,8.659702E-03,7.973140E-04,1.525342E-04,1.858794E-03,5.307070E-04,1.000749E-03,6.796575E-06,8.120630E-04,3.240505E-03,6.878175E-03,2.790530E-03,1.125848E-04, 0.0220934754, 0.0133164265, 0.0093766451, 0.0102592709, 0.0337784736
9.700000E+02,3.705399E-01,9.339924E+00,2.004898E-02,3.562749E-01,8.372285E-02,9.605490E-02,1.348825E-01,1.616526E-02,4.559558E-03,6.040394E-03,5.952101E-03,5.179700E-03,1.112806E-03,8.932378E-03,8.781499E-03,8.184821E-04,1.519526E-04,1.888877E-03,5.333863E-04,1.014555E-03,6.870522E-06,8.278713E-04,3.325235E-03,6.976194E-03,2.829419E-03,1.125876E-04, 0.0220934754, 0.0133164265, 0.0093766451, 0.0102592709, 0.0337784736
9.900000E+02,3.691887E-01,9.337991E+00,2.009845E-02,3.552353E-01,8.404681E-02,9.569628E-02,1.348186E-01,1.626724E-02,4.628634E-03,6.124459E-03,6.036843E-03,5.249320E-03,1.126643E-03,9.054574E-03,8.903132E-03,8.396389E-04,1.515175E-04,1.918802E-03,5.359869E-04,1.028257E-03,6.944906E-06,8.437527E-04,3.411109E-03,7.074073E-03,2.868256E-03,1.125878E-04, 0.0220934754, 0.0133164265, 0.0093766451, 0.0102592709, 0.0337784736
1.010000E+03,3.678370E-01,9.336054E+00,2.014896E-02,3.542098E-01,8.435941E-02,9.534863E-02,1.347509E-01,1.636726E-02,4.698171E-03,6.208351E-03,6.121542E-03,5.318896E-03,1.140328E-03,9.176543E-03,9.024583E-03,8.607851E-04,1.511652E-04,1.948591E-03,5.385176E-04,1.041974E-03,7.017535E-06,8.595899E-04,3.497021E-03,7.171790E-03,2.907054E-03,1.125722E-04, 0.0220934754, 0.0133164265, 0.0093766451, 0.0102592709, 0.0337784736
1.030000E+03,3.664881E-01,9.334105E+00,2.020012E-02,3.531792E-01,8.467317E-02,9.500321E-02,1.346862E-01,1.646473E-02,4.768032E-03,6.292196E-03,6.206180E-03,5.388378E-03,1.154049E-03,9.298433E-03,9.145912E-03,8.819358E-04,1.506546E-04,1.978567E-03,5.409526E-04,1.056054E-03,7.089416E-06,8.751287E-04,3.584150E-03,7.269299E-03,2.945775E-03,1.125744E-04, 0.0220934754, 0.0133164265, 0.0093766451, 0.0102592709, 0.0337784736
1.095000E+03,3.664893E-01,9.334113E+00,2.044674E-02,3.534620E-01,8.469557E-02,9.419279E-02,1.346872E-01,1.727029E-02,4.985802E-03,6.311796E-03,6.206307E-03,5.559463E-03,1.154931E-03,9.357664E-03,9.108407E-03,9.647067E-04,1.557500E-04,1.978564E-03,5.416275E-04,1.056077E-03,8.671215E-06,8.783098E-04,3.560118E-03,7.377608E-03,2.933329E-03,3.322992E-06, 0.0220934754, 0.0133164265, 0.0093766451, 0.0102592709, 0.0337784736
1.115000E+03,3.650163E-01,9.331994E+00,2.047168E-02,3.520168E-01,8.504190E-02,9.384685E-02,1.346162E-01,1.734225E-02,5.035288E-03,6.382043E-03,6.298666E-03,5.577160E-03,1.168800E-03,9.428612E-03,9.242003E-03,9.841905E-04,1.483962E-04,2.011796E-03,5.425836E-04,1.070673E-03,8.583891E-06,8.925421E-04,3.656141E-03,7.407874E-03,2.975993E-03,8.257145E-05, 0.0220934754, 0.0133164265, 0.0093766451, 0.0102592709, 0.0337784736
1.135000E+03,3.635429E-01,9.329863E+00,2.050213E-02,3.508858E-01,8.538910E-02,9.350264E-02,1.345458E-01,1.741149E-02,5.082195E-03,6.473220E-03,6.391106E-03,5.611992E-03,1.183497E-03,9.556696E-03,9.375535E-03,1.003409E-03,1.478503E-04,2.044045E-03,5.451175E-04,1.085366E-03,8.514858E-06,9.101551E-04,3.754167E-03,7.486809E-03,3.018628E-03,1.094214E-04, 0.0220934754, 0.0133164265, 0.0093766451, 0.0102592709, 0.0337784736
1.155000E+03,3.620699E-01,9.327737E+00,2.053612E-02,3.497678E-01,8.572666E-02,9.316752E-02,1.344759E-01,1.747824E-02,5.129756E-03,6.564439E-03,6.483459E-03,5.658875E-03,1.198298E-03,9.688685E-03,9.508861E-03,1.022647E-03,1.472682E-04,2.076586E-03,5.474923E-04,1.100183E-03,8.453911E-06,9.276320E-04,3.852197E-03,7.583027E-03,3.061193E-03,1.184856E-04, 0.0220934754, 0.0133164265, 0.0093766451, 0.0102592709, 0.0337784736
1.175000E+03,3.605964E-01,9.325590E+00,2.057387E-02,3.486532E-01,8.605855E-02,9.284028E-02,1.343990E-01,1.754333E-02,5.179489E-03,6.655468E-03,6.575726E-03,5.714077E-03,1.212957E-03,9.820530E-03,9.642029E-03,1.041905E-03,1.469740E-04,2.108912E-03,5.497666E-04,1.114855E-03,8.401155E-06,9.451502E-04,3.951508E-03,7.685320E-03,3.103713E-03,1.215525E-04, 0.0220934754, 0.0133164265, 0.0093766451, 0.0102592709, 0.0337784736
1.195000E+03,3.591285E-01,9.323444E+00,2.061506E-02,3.475398E-01,8.639244E-02,9.251325E-02,1.343264E-01,1.760664E-02,5.232250E-03,6.746559E-03,6.667936E-03,5.775013E-03,1.227550E-03,9.952481E-03,9.775050E-03,1.061193E-03,1.468186E-04,2.141179E-03,5.520422E-04,1.129423E-03,8.361272E-06,9.627196E-04,4.052145E-03,7.789729E-03,3.146142E-03,1.225974E-04, 0.0220934754, 0.0133164265, 0.0093766451, 0.0102592709, 0.0337784736
1.215000E+03,3.576631E-01,9.321293E+00,2.065886E-02,3.464305E-01,8.672334E-02,9.219253E-02,1.342538E-01,1.766866E-02,5.288189E-03,6.837443E-03,6.760035E-03,5.839914E-03,1.242075E-03,1.008381E-02,9.907869E-03,1.080457E-03,1.463028E-04,2.173835E-03,5.541746E-04,1.143826E-03,8.328724E-06,9.804590E-04,4.153458E-03,7.894687E-03,3.188474E-03,1.229248E-04, 0.0220934754, 0.0133164265, 0.0093766451, 0.0102592709, 0.0337784736
1.235000E+03,3.561998E-01,9.319127E+00,2.070545E-02,3.453290E-01,8.704272E-02,9.187894E-02,1.341790E-01,1.772820E-02,5.347313E-03,6.928019E-03,6.852120E-03,5.907227E-03,1.256418E-03,1.021498E-02,1.004052E-02,1.099816E-03,1.460398E-04,2.206245E-03,5.562460E-04,1.158040E-03,8.302632E-06,9.983145E-04,4.256988E-03,7.999721E-03,3.230748E-03,1.230342E-04, 0.0220934754, 0.0133164265, 0.0093766451, 0.0102592709, 0.0337784736
1.255000E+03,3.547370E-01,9.316961E+00,2.075478E-02,3.442216E-01,8.736620E-02,9.156748E-02,1.341064E-01,1.778706E-02,5.409296E-03,7.018567E-03,6.944111E-03,5.976762E-03,1.270757E-03,1.034560E-02,1.017302E-02,1.119213E-03,1.458211E-04,2.238620E-03,5.582519E-04,1.171789E-03,8.285296E-06,1.016607E-03,4.359881E-03,8.104701E-03,3.272945E-03,1.230736E-04, 0.0220934754, 0.0133164265, 0.0093766451, 0.0102592709, 0.0337784736
1.275000E+03,3.532772E-01,9.314787E+00,2.080676E-02,3.431192E-01,8.768805E-02,9.125885E-02,1.340313E-01,1.784352E-02,5.473859E-03,7.108914E-03,7.036017E-03,6.047333E-03,1.284983E-03,1.047616E-02,1.030537E-02,1.138664E-03,1.455972E-04,2.271022E-03,5.602127E-04,1.185582E-03,8.277115E-06,1.034851E-03,4.463418E-03,8.209526E-03,3.315084E-03,1.230935E-04, 0.0220934754, 0.0133164265, 0.0093766451, 0.0102592709, 0.0337784736
1.295000E+03,3.518202E-01,9.312616E+00,2.086113E-02,3.420194E-01,8.801022E-02,9.095187E-02,1.339566E-01,1.789793E-02,5.540674E-03,7.199292E-03,7.127916E-03,6.118577E-03,1.299146E-03,1.060587E-02,1.043755E-02,1.158148E-03,1.452119E-04,2.303597E-03,5.620143E-04,1.199598E-03,8.272988E-06,1.052910E-03,4.567446E-03,8.314085E-03,3.357149E-03,1.230885E-04, 0.0220934754, 0.0133164265, 0.0093766451, 0.0102592709, 0.0337784736
1.315000E+03,3.503632E-01,9.310442E+00,2.091745E-02,3.409286E-01,8.832466E-02,9.065385E-02,1.338847E-01,1.795066E-02,5.609303E-03,7.289283E-03,7.219690E-03,6.190243E-03,1.313237E-03,1.073559E-02,1.056954E-02,1.177564E-03,1.448002E-04,2.336209E-03,5.637566E-04,1.213658E-03,8.277205E-06,1.070794E-03,4.673845E-03,8.418447E-03,3.399158E-03,1.230804E-04, 0.0220934754, 0.0133164265, 0.0093766451, 0.0102592709, 0.0337784736
1.335000E+03,3.489119E-01,9.308284E+00,2.097579E-02,3.398284E-01,8.863578E-02,9.036060E-02,1.338083E-01,1.800180E-02,5.679574E-03,7.379255E-03,7.311451E-03,6.262044E-03,1.327229E-03,1.086499E-02,1.070135E-02,1.197068E-03,1.445055E-04,2.368713E-03,5.654993E-04,1.227329E-03,8.288740E-06,1.088916E-03,4.779705E-03,8.522646E-03,3.441053E-03,1.230566E-04, 0.0220934754, 0.0133164265, 0.0093766451, 0.0102592709, 0.0337784736
1.355000E+03,3.474589E-01,9.306098E+00,2.103589E-02,3.387455E-01,8.894906E-02,9.006467E-02,1.337324E-01,1.805129E-02,5.751103E-03,7.468938E-03,7.403107E-03,6.333909E-03,1.341223E-03,1.099406E-02,1.083300E-02,1.216555E-03,1.442456E-04,2.401148E-03,5.671616E-04,1.240590E-03,8.303785E-06,1.107406E-03,4.887392E-03,8.626591E-03,3.482892E-03,1.230523E-04, 0.0220934754, 0.0133164265, 0.0093766451, 0.0102592709, 0.0337784736
1.375000E+03,3.460073E-01,9.303916E+00,2.109774E-02,3.376608E-01,8.926023E-02,8.977285E-02,1.336559E-01,1.809922E-02,5.823732E-03,7.558609E-03,7.494622E-03,6.405839E-03,1.355264E-03,1.112288E-02,1.096449E-02,1.236082E-03,1.436762E-04,2.433907E-03,5.686783E-04,1.254396E-03,8.321811E-06,1.125441E-03,4.996154E-03,8.730265E-03,3.524682E-03,1.230540E-04, 0.0220934754, 0.0133164265, 0.0093766451, 0.0102592709, 0.0337784736
1.395000E+03,3.445601E-01,9.301726E+00,2.116173E-02,3.365697E-01,8.956861E-02,8.948741E-02,1.335749E-01,1.814473E-02,5.897251E-03,7.648082E-03,7.586068E-03,6.477626E-03,1.369226E-03,1.125132E-02,1.109579E-02,1.255656E-03,1.432562E-04,2.466473E-03,5.702296E-04,1.267543E-03,8.349461E-06,1.143861E-03,5.105219E-03,8.833832E-03,3.566373E-03,1.230329E-04, 0.0220934754, 0.0133164265, 0.0093766451, 0.0102592709, 0.0337784736
1.460000E+03,3.445620E-01,9.301714E+00,2.145691E-02,3.368883E-01,8.960101E-02,8.872397E-02,1.335762E-01,1.890277E-02,6.131240E-03,7.669538E-03,7.586214E-03,6.665019E-03,1.370214E-03,1.131611E-02,1.105028E-02,1.342050E-03,1.489067E-04,2.466470E-03,5.710060E-04,1.267577E-03,1.022517E-05,1.147947E-03,5.070953E-03,8.952153E-03,3.551303E-03,3.631697E-06, 0.0220934754, 0.0133164265, 0.0093766451, 0.0102592709, 0.0337784736
1.480000E+03,3.398047E-01,9.294468E+00,2.140854E-02,3.323073E-01,9.056640E-02,8.835879E-02,1.333263E-01,1.849030E-02,6.174569E-03,7.895623E-03,7.885848E-03,6.655980E-03,1.412479E-03,1.153989E-02,1.151356E-02,1.342658E-03,1.358706E-04,2.567368E-03,5.713328E-04,1.309908E-03,8.729979E-06,1.195117E-03,5.460263E-03,9.026944E-03,3.698847E-03,2.689454E-04, 0.0220934754, 0.0133164265, 0.0093766451, 0.0102592709, 0.0337784736
1.500000E+03,3.350672E-01,9.287135E+00,2.139681E-02,3.288620E-01,9.150194E-02,8.802787E-02,1.330532E-01,1.808371E-02,6.225586E-03,8.189977E-03,8.185136E-03,6.718034E-03,1.456748E-03,1.194922E-02,1.197646E-02,1.343220E-03,1.436690E-04,2.671279E-03,5.767618E-04,1.350751E-03,7.615107E-06,1.255449E-03,5.867944E-03,9.264920E-03,3.846021E-03,3.586428E-04, 0.0220934754, 0.0133164265, 0.0093766451, 0.0102592709, 0.0337784736
1.520000E+03,3.303584E-01,9.279731E+00,2.141170E-02,3.254700E-01,9.240271E-02,8.771656E-02,1.327796E-01,1.768489E-02,6.293775E-03,8.482778E-03,8.483439E-03,6.828845E-03,1.500403E-03,1.236733E-02,1.243884E-02,1.344620E-03,1.480383E-04,2.780908E-03,5.816520E-04,1.390572E-03,6.760322E-06,1.315857E-03,6.282795E-03,9.561084E-03,3.992724E-03,3.889608E-04, 0.0220934754, 0.0133164265, 0.0093766451, 0.0102592709, 0.0337784736
1.540000E+03,3.256803E-01,9.272300E+00,2.145127E-02,3.221005E-01,9.329802E-02,8.739645E-02,1.324961E-01,1.729553E-02,6.382821E-03,8.773618E-03,8.781056E-03,6.972910E-03,1.543862E-03,1.278278E-02,1.290070E-02,1.346992E-03,1.501901E-04,2.894007E-03,5.860222E-04,1.429276E-03,6.112402E-06,1.376768E-03,6.705237E-03,9.876786E-03,4.138921E-03,3.991794E-04, 0.0220934754, 0.0133164265, 0.0093766451, 0.0102592709, 0.0337784736
1.560000E+03,3.210306E-01,9.264829E+00,2.151223E-02,3.187649E-01,9.414518E-02,8.710748E-02,1.322222E-01,1.691692E-02,6.493106E-03,9.063599E-03,9.077990E-03,7.139422E-03,1.587069E-03,1.319578E-02,1.336192E-02,1.350267E-03,1.511532E-04,3.009270E-03,5.900047E-04,1.466622E-03,5.638381E-06,1.437708E-03,7.134225E-03,1.019780E-02,4.284610E-03,4.025433E-04, 0.0220934754, 0.0133164265, 0.0093766451, 0.0102592709, 0.0337784736
1.580000E+03,3.164106E-01,9.257334E+00,2.159254E-02,3.154467E-01,9.497201E-02,8.683040E-02,1.319405E-01,1.654461E-02,6.623868E-03,9.352343E-03,9.374334E-03,7.320074E-03,1.629574E-03,1.360485E-02,1.382256E-02,1.354518E-03,1.511788E-04,3.126061E-03,5.935639E-04,1.502453E-03,5.295087E-06,1.499328E-03,7.574321E-03,1.051919E-02,4.429805E-03,4.036252E-04, 0.0220934754, 0.0133164265, 0.0093766451, 0.0102592709, 0.0337784736
1.600000E+03,3.118279E-01,9.249827E+00,2.169017E-02,3.121622E-01,9.576081E-02,8.657177E-02,1.316684E-01,1.618195E-02,6.773399E-03,9.639151E-03,9.669520E-03,7.510009E-03,1.671513E-03,1.401114E-02,1.428247E-02,1.359524E-03,1.510859E-04,3.243584E-03,5.966650E-04,1.537069E-03,5.057572E-06,1.561110E-03,8.021683E-03,1.083910E-02,4.574437E-03,4.038843E-04, 0.0220934754, 0.0133164265, 0.0093766451, 0.0102592709, 0.0337784736
1.620000E+03,3.072702E-01,9.242269E+00,2.180262E-02,3.089143E-01,9.653506E-02,8.631418E-02,1.313916E-01,1.582553E-02,6.938546E-03,9.924465E-03,9.964039E-03,7.705287E-03,1.713166E-03,1.441323E-02,1.474177E-02,1.365311E-03,1.506936E-04,3.361837E-03,5.995175E-04,1.570778E-03,4.902857E-06,1.622816E-03,8.477893E-03,1.115680E-02,4.718558E-03,4.038968E-04, 0.0220934754, 0.0133164265, 0.0093766451, 0.0102592709, 0.0337784736
1.640000E+03,3.027474E-01,9.234691E+00,2.192817E-02,3.056885E-01,9.728527E-02,8.606744E-02,1.311080E-01,1.547684E-02,7.117975E-03,1.020748E-02,1.025770E-02,7.903005E-03,1.754265E-03,1.481185E-02,1.520049E-02,1.371814E-03,1.502110E-04,3.480792E-03,6.020206E-04,1.604269E-03,4.815702E-06,1.683426E-03,8.945832E-03,1.147197E-02,4.862160E-03,4.038325E-04, 0.0220934754, 0.0133164265, 0.0093766451, 0.0102592709, 0.0337784736
1.660000E+03,2.982512E-01,9.227058E+00,2.206528E-02,3.025134E-01,9.800742E-02,8.583095E-02,1.308272E-01,1.513761E-02,7.308892E-03,1.048941E-02,1.055060E-02,8.102590E-03,1.795181E-03,1.520689E-02,1.565879E-02,1.378895E-03,1.500669E-04,3.599958E-03,6.044282E-04,1.635844E-03,4.788724E-06,1.744416E-03,9.415502E-03,1.178475E-02,5.005279E-03,4.038146E-04, 0.0220934754, 0.0133164265, 0.0093766451, 0.0102592709, 0.0337784736
1.680000E+03,2.937902E-01,9.219389E+00,2.221286E-02,2.993728E-01,9.871865E-02,8.558725E-02,1.305455E-01,1.480434E-02,7.509346E-03,1.076966E-02,1.084270E-02,8.302340E-03,1.835415E-03,1.559974E-02,1.611639E-02,1.386523E-03,1.494563E-04,3.720082E-03,6.064717E-04,1.667201E-03,4.798317E-06,1.804854E-03,9.894359E-03,1.209495E-02,5.147841E-03,4.036989E-04, 0.0220934754, 0.0133164265, 0.0093766451, 0.0102592709, 0.0337784736
1.700000E+03,2.893622E-01,9.211701E+00,2.236958E-02,2.962625E-01,9.939149E-02,8.536541E-02,1.302719E-01,1.447965E-02,7.717852E-03,1.104887E-02,1.113382E-02,8.500832E-03,1.875291E-03,1.598952E-02,1.657348E-02,1.394881E-03,1.488718E-04,3.840710E-03,6.081167E-04,1.696965E-03,4.843234E-06,1.865508E-03,1.037780E-02,1.240263E-02,5.289881E-03,4.035883E-04, 0.0220934754, 0.0133164265, 0.0093766451, 0.0102592709, 0.0337784736
1.720000E+03,2.849594E-01,9.203957E+00,2.253345E-02,2.932072E-01,1.000470E-01,8.513945E-02,1.299922E-01,1.416208E-02,7.932884E-03,1.132573E-02,1.142403E-02,8.697395E-03,1.914713E-03,1.637494E-02,1.702983E-02,1.403708E-03,1.483917E-04,3.961415E-03,6.099723E-04,1.725565E-03,4.916430E-06,1.925972E-03,1.086848E-02,1.270770E-02,5.431439E-03,4.035068E-04, 0.0220934754, 0.0133164265, 0.0093766451, 0.0102592709, 0.0337784736
1.740000E+03,2.805870E-01,9.196173E+00,2.270313E-02,2.901829E-01,1.006577E-01,8.494006E-02,1.297059E-01,1.385135E-02,8.152627E-03,1.160166E-02,1.171329E-02,8.891850E-03,1.953640E-03,1.675692E-02,1.748564E-02,1.412685E-03,1.472768E-04,4.083133E-03,6.111943E-04,1.754920E-03,5.004338E-06,1.984767E-03,1.136604E-02,1.301006E-02,5.572478E-03,4.033878E-04, 0.0220934754, 0.0133164265, 0.0093766451, 0.0102592709, 0.0337784736
1.760000E+03,2.762547E-01,9.188370E+00,2.287798E-02,2.871665E-01,1.012681E-01,8.473572E-02,1.294262E-01,1.354825E-02,8.376110E-03,1.187551E-02,1.200205E-02,9.084423E-03,1.991780E-03,1.713567E-02,1.794084E-02,1.422194E-03,1.465508E-04,4.204661E-03,6.126501E-04,1.781779E-03,5.116703E-06,2.043984E-03,1.186720E-02,1.330958E-02,5.712906E-03,4.032728E-04, 0.0220934754, 0.0133164265, 0.0093766451, 0.0102592709, 0.0337784736
1.825000E+03,2.762557E-01,9.188378E+00,2.373390E-02,2.883102E-01,1.013455E-01,8.401303E-02,1.294299E-01,1.426708E-02,9.123359E-03,1.194631E-02,1.200248E-02,9.691334E-03,1.995455E-03,1.734745E-02,1.786732E-02,1.551366E-03,1.686030E-04,4.204661E-03,6.170513E-04,1.781833E-03,8.821123E-06,2.061926E-03,1.178848E-02,1.370753E-02,5.688785E-03,1.190364E-05, 0.0220934754, 0.0133164265, 0.0093766451, 0.0102592709, 0.0337784736
